#s 1 8.37518 8.37518 8.37518 8.37518 8.37518 8.37518 8.37518 8.37518 8.37518 8.37518 8.37518 8.37518 8.37518 8.37518 8.37518
#s 2 8.37518 8.37518 8.37518 8.37518 8.37518 8.37518 8.37518 8.37518 8.37518 8.37518 8.37518 8.37518 8.37518 8.37518 8.37518
#s 3 8.37518 8.37518 8.37518 8.37518 8.37518 8.37518 8.37518 8.37518 8.37518 8.37518 8.37518 8.37518 8.37518 8.37518 8.37518
#s 4 8.37518 8.37518 8.37518 8.37518 8.37518 8.37518 8.37518 8.37518 8.37518 8.37518 8.37518 8.37518 8.37518 8.37518 8.37518
#s 5 8.37518 8.37518 8.37518 8.37518 8.37518 8.37518 8.37518 8.37518 8.37518 8.37518 8.37518 8.37518 8.37518 8.37518 8.37518
#s 6 8.37518 8.37518 8.37518 8.37518 8.37518 8.37518 8.37518 8.37518 8.37518 8.37518 8.37518 8.37518 8.37518 8.37518 8.37518
#s 7 8.37518 8.37518 8.37518 8.37518 8.37518 8.37518 8.37518 8.37518 8.37518 8.37518 8.37518 8.37518 8.37518 8.37518 8.37518
#s 8 8.37518 8.37518 8.37518 8.37518 8.37518 8.37518 8.37518 8.37518 8.37518 8.37518 8.37518 8.37518 8.37518 8.37518 8.37518
#s 9 8.37518 8.37518 8.37518 8.37518 8.37518 8.37518 8.37518 8.37518 8.37518 8.37518 8.37518 8.37518 8.37518 8.37518 8.37518
#s 10 8.37518 8.37518 8.37518 8.37518 8.37518 8.37518 8.37518 8.37518 8.37518 8.37518 8.37518 8.37518 8.37518 8.37518 8.37518
#s 11 8.37518 8.37518 8.37518 8.37518 8.37518 8.37518 8.37518 8.37518 8.37518 8.37518 8.37518 8.37518 8.37518 8.37518 8.37518
#s 12 8.37518 8.37518 8.37518 8.37518 8.37518 8.37518 8.37518 8.37518 8.37518 8.37518 8.37518 8.37518 8.37518 8.37518 8.37518
#s 13 8.37518 8.37518 8.37518 8.37518 8.37518 8.37518 8.37518 8.37518 8.37518 8.37518 8.37518 8.37518 8.37518 8.37518 8.37518
#s 14 8.37518 8.37518 8.37518 8.37518 8.37518 8.37518 8.37518 8.37518 8.37518 8.37518 8.37518 8.37518 8.37518 8.37518 8.37518
#s 15 8.37518 8.37518 8.37518 8.37518 8.37518 8.37518 8.37518 8.37518 8.37518 8.37518 8.37518 8.37518 8.37518 8.37518 8.37518
#s 16 8.37518 8.37518 8.37518 8.37518 8.37518 8.37518 8.37518 8.37518 8.37518 8.37518 8.37518 8.37518 8.37518 8.37518 8.37518
#s 17 8.37518 8.37518 8.37518 8.37518 8.37518 8.37518 8.37518 8.37518 8.37518 8.37518 8.37518 8.37518 8.37518 8.37518 8.37518
#s 18 8.37518 8.37518 8.37518 8.37518 8.37518 8.37518 8.37518 8.37518 8.37518 8.37518 8.37518 8.37518 8.37518 8.37518 8.37518
#s 19 8.37518 8.37518 8.37518 8.37518 8.37518 8.37518 8.37518 8.37518 8.37518 8.37518 8.37518 8.37518 8.37518 8.37518 8.37518
#s 20 8.37518 8.37518 8.37518 8.37518 8.37518 8.37518 8.37518 8.37518 8.37518 8.37518 8.37518 8.37518 8.37518 8.37518 8.37518
20 1 1 20 994 19 988 18 987 17 984 16 980 15 978 14 975 13 974 12 970 11 968 10 967 9 964 8 962 7 959 6 958 5 950 4 946 3 945 2 940
1 13 932
1 13 931
1 12 930
0
2 1 929 13 991
0
1 10 928
0
1 10 927
0
1 11 925
1 4 918
0
1 16 907
1 14 905
2 6 901 20 960
1 17 899
0
2 3 897 5 895
0
1 2 894
1 15 892
1 13 891
2 4 887 13 886
0
1 6 885
1 20 884
1 14 882
3 6 880 19 996 7 877
1 5 875
0
2 9 874 10 863
1 12 862
1 10 861
1 20 859
0
1 17 857
1 20 852
0
3 6 848 12 847 8 844
1 17 843
1 20 838
0
1 14 921
2 7 961 18 936
1 19 919
0
1 10 836
0
0
0
0
0
3 3 831 11 933 10 829
2 10 828 17 826
0
1 13 820
2 3 953 18 898
2 1 818 10 908
1 5 817
2 13 814 16 883
3 7 813 15 856 13 805
0
1 10 800
1 14 999
1 20 995
1 4 796
0
0
1 5 923
1 16 916
0
2 7 793 11 937
2 7 791 9 780
1 2 778
1 13 777
2 7 876 15 941
1 19 773
1 6 770
0
1 12 763
0
0
1 14 870
3 9 760 18 983 17 888
0
1 7 757
1 17 756
1 12 969
1 14 956
0
1 10 966
0
1 16 810
0
0
1 7 754
2 15 748 18 747
0
1 13 746
2 8 745 19 741
2 10 740 20 738
2 10 736 20 733
0
0
1 11 725
0
1 3 724
4 3 721 16 720 13 719 6 715
1 4 710
4 5 696 20 789 12 992 7 951
1 1 684
0
0
0
0
2 17 681 20 881
1 10 809
2 4 672 10 722
3 9 670 14 979 11 668
3 3 665 11 727 7 664
0
0
2 6 661 13 753
1 4 658
0
3 3 657 17 706 10 653
1 10 646
1 15 730
1 20 768
0
1 2 642
0
0
1 19 638
0
0
1 13 637
1 18 633
0
1 3 808
0
0
2 2 799 6 749
2 4 707 10 729
0
0
1 3 688
2 8 830 16 744
0
1 18 716
1 12 625
1 20 622
1 17 620
1 2 619
0
1 9 618
0
1 8 616
0
1 1 896
2 3 613 7 728
0
1 10 609
0
1 14 608
1 5 604
2 8 600 11 816
2 1 599 13 934
1 18 911
0
2 10 598 17 594
1 10 593
3 2 636 16 592 4 584
2 6 582 13 846
0
0
0
0
1 4 841
0
0
0
1 15 827
0
1 10 797
2 6 650 18 993
2 13 977 17 648
1 17 938
0
0
0
1 19 682
0
1 13 794
0
1 8 579
0
1 10 671
0
2 2 576 6 655
2 10 575 11 574
2 13 573 20 798
1 16 795
1 12 572
1 15 714
0
2 9 858 17 957
1 7 711
1 13 783
2 3 762 12 569
1 18 567
1 1 562
0
1 6 669
0
0
0
1 4 561
0
2 3 560 5 700
0
2 1 801 4 556
0
1 17 554
0
0
1 3 997
2 13 976 14 702
1 11 860
1 10 855
0
0
1 18 586
2 7 552 18 551
1 13 549
1 10 546
2 17 920 20 544
0
1 3 541
0
1 8 537
3 1 587 18 615 4 580
0
0
1 6 566
0
0
1 15 589
1 10 534
1 13 627
1 18 532
2 2 526 19 693
1 6 525
2 4 640 16 871
2 12 588 13 695
1 5 524
2 4 523 10 565
1 8 519
1 16 518
0
1 11 516
0
3 15 944 18 585 17 559
1 7 952
1 14 912
0
0
0
0
2 13 759 17 751
2 17 732 18 513
1 12 503
0
2 7 502 9 496
1 20 495
0
0
0
1 15 492
3 3 489 20 538 6 527
0
0
1 10 628
1 12 487
0
2 7 595 19 743
3 4 570 8 590 5 583
0
0
0
1 4 483
2 4 482 17 824
0
0
1 4 577
0
0
0
3 1 571 11 474 3 472
1 16 470
1 10 469
4 7 692 20 629 11 602 10 488
0
0
2 2 624 7 734
3 3 623 20 596 4 465
0
2 10 460 13 507
0
0
0
1 10 457
1 12 453
1 19 451
0
1 6 840
0
2 5 832 17 825
0
0
0
0
1 6 806
1 18 448
2 7 601 16 557
0
0
0
1 6 542
1 10 447
0
2 7 445 12 511
2 14 701 15 649
1 9 443
1 13 540
0
2 3 535 6 626
2 12 634 13 441
1 18 440
0
3 5 437 11 641 10 915
2 1 435 4 651
0
0
0
0
1 3 432
1 6 430
0
1 11 685
1 20 662
0
1 17 689
1 17 879
1 4 787
0
0
1 16 675
3 1 644 10 981 6 654
0
2 8 429 19 533
1 3 485
1 11 497
3 7 779 20 673 13 473
0
0
0
4 1 774 12 666 10 643 2 703
1 13 463
1 10 446
0
0
1 14 481
1 5 423
1 10 421
0
0
2 15 419 17 943
0
0
0
2 5 739 8 708
1 6 418
0
3 4 726 17 834 5 415
0
5 1 413 16 501 13 452 11 812 9 404
3 6 402 8 802 7 399
1 10 398
1 19 391
0
1 19 610
0
0
0
0
2 8 564 17 910
1 10 903
0
3 2 490 14 514 12 889
0
0
2 4 382 8 775
0
0
0
0
1 8 379
2 3 371 18 366
1 6 362
3 7 434 20 676 14 555
0
0
2 10 403 13 528
1 11 955
0
0
1 9 948
0
1 12 486
0
0
2 13 942 17 922
1 15 906
0
0
0
1 13 431
0
0
0
1 8 971
1 17 949
3 3 361 19 679 16 394
1 13 360
1 7 356
1 5 354
2 1 345 4 477
1 20 343
1 12 342
1 6 548
0
1 20 395
0
0
1 5 353
0
1 7 397
2 12 337 20 334
1 17 330
2 13 329 16 454
0
2 2 378 18 427
1 6 416
1 14 632
1 11 405
1 10 388
1 13 310
1 17 309
0
1 20 384
0
2 7 308 8 305
1 8 300
0
0
1 13 338
1 2 299
2 4 297 9 295
0
2 3 292 6 414
2 3 291 19 755
0
1 20 742
1 7 285
0
3 11 283 17 282 12 280
0
0
0
1 6 277
1 10 475
2 5 275 14 677
1 3 667
1 13 357
1 13 369
1 18 273
2 11 272 17 355
1 6 268
3 1 368 13 265 3 263
1 20 258
2 11 839 15 1000
1 17 347
0
0
1 20 835
2 1 782 19 776
1 17 444
2 10 407 13 363
1 10 478
0
1 19 254
0
2 7 790 8 386
1 4 381
1 13 375
1 13 253
1 14 250
2 10 245 18 484
1 10 244
1 10 242
1 17 238
0
0
1 6 237
0
4 2 269 11 868 10 332 8 236
2 10 234 20 917
0
1 3 383
2 1 327 9 784
2 16 278 20 231
2 6 227 14 340
1 13 247
0
0
2 5 226 19 318
2 11 218 12 217
0
2 6 207 13 279
0
1 8 294
1 4 317
0
0
1 3 255
0
1 7 205
0
1 17 890
0
1 10 203
2 1 324 8 298
0
0
1 7 372
1 20 314
0
1 11 198
3 11 196 18 194 12 190
0
0
2 3 189 4 187
0
0
0
2 1 183 10 267
0
0
4 3 180 11 284 8 251 4 177
0
0
0
0
2 3 175 16 200
3 2 174 13 313 10 172
3 4 170 10 878 9 224
0
3 6 166 16 246 12 290
1 1 165
1 18 162
1 9 155
1 17 260
0
1 2 152
1 10 266
1 10 893
1 8 151
0
6 1 149 15 417 14 182 11 176 6 146 3 145
1 18 144
0
1 4 191
0
0
2 10 141 16 136
0
1 12 133
0
1 5 132
0
0
0
2 19 127 20 392
0
1 6 125
1 13 121
2 7 120 10 119
1 17 117
2 6 328 9 316
2 10 116 18 106
1 7 103
0
1 13 101
1 14 97
1 20 239
0
1 13 471
0
0
1 12 459
1 6 93
1 4 412
0
1 10 376
1 11 92
1 1 179
1 16 91
3 3 186 13 181 6 89
0
0
0
0
0
1 1 84
0
0
1 2 83
1 6 79
0
0
1 17 72
0
1 2 123
1 9 71
2 12 377 18 545
0
0
1 16 504
1 20 476
0
0
0
0
0
1 10 331
3 4 321 13 243 10 389
0
0
0
0
1 7 436
2 4 424 8 249
2 6 69 11 142
1 6 68
4 4 80 14 442 10 438 5 400
0
2 18 202 19 67
1 5 65
1 13 64
2 10 63 15 517
4 1 467 11 221 10 81 7 61
1 10 60
1 16 59
1 2 57
2 7 54 11 274
0
1 11 130
1 13 346
3 8 150 20 521 10 335
3 1 102 14 506 3 304
2 17 53 20 568
1 20 52
2 6 51 20 49
2 12 48 20 140
1 5 47
0
0
1 15 46
0
1 3 45
1 6 44
0
1 11 78
2 7 43 18 286
2 10 126 19 351
0
0
0
0
1 11 336
2 9 41 13 373
0
2 7 98 19 380
0
2 3 40 20 37
1 6 36
1 17 35
0
1 16 134
0
0
0
1 13 34
0
1 9 449
1 6 33
1 4 32
0
1 5 113
0
0
1 8 105
1 13 30
3 10 104 18 365 13 288
2 10 29 20 159
0
1 20 28
1 17 252
2 13 50 20 27
0
0
0
0
2 10 26 17 348
2 1 326 10 115
0
3 2 311 18 458 5 206
0
1 12 153
2 10 124 14 131
0
1 10 66
1 19 178
1 11 479
2 4 349 10 73
1 10 157
2 10 25 16 235
1 3 229
1 13 24
2 7 23 14 215
0
0
1 18 188
2 10 21 11 58
3 10 19 13 214 12 94
1 20 55
1 5 18
4 3 17 20 74 10 112 6 110
1 20 16
0
1 17 135
1 7 420
0
0
0
0
3 1 15 16 422 10 350
1 14 14
0
0
2 5 13 8 100
2 6 12 13 11
0
2 14 10 15 22
1 1 9
1 9 8
1 5 7
0
1 12 6
0
0
0
1 20 158
2 5 143 10 42
2 11 5 16 426
0
0
0
0
1 1 4
1 17 2
0
2 6 38 20 95
1 4 85
0
0
1 7 410
1 13 500
0
1 3 499
1 10 370
1 14 139
0
3 9 86 18 88 17 3
1 9 90
1 2 163
3 5 325 20 184 19 209
3 7 185 20 201 10 462
1 7 456
0
0
0
0
0
0
2 8 281 13 581
0
1 3 539
1 15 522
0
1 5 76
0
1 6 396
0
0
1 16 358
1 20 428
1 8 406
1 11 287
0
0
1 3 31
1 12 635
2 10 77 20 508
0
1 18 62
2 7 563 13 656
1 17 645
0
0
1 20 614
0
1 2 515
1 8 494
1 7 455
0
3 3 611 6 491 4 468
2 9 464 20 659
0
1 16 652
1 13 409
0
1 10 686
1 20 87
2 1 731 13 96
0
0
0
1 19 20
0
0
0
2 9 698 11 333
2 2 690 14 148
1 19 591
0
1 6 39
1 10 82
0
0
0
1 13 75
1 2 493
0
3 4 56 20 108 5 107
1 20 70
0
1 18 712
0
0
1 12 674
2 19 129 5 160
3 9 111 20 128 4 118
2 13 114 20 211
0
0
1 14 169
0
1 17 220
0
0
1 15 704
1 6 171
1 14 164
1 16 262
1 1 210
2 3 193 13 199
0
1 12 173
3 6 99 10 138 7 122
0
0
1 14 109
1 18 509
0
2 10 259 11 393
0
1 5 232
0
1 16 195
0
0
1 7 302
3 5 230 19 401 7 385
3 1 498 15 709 8 553
1 6 197
1 10 261
0
1 20 322
1 14 264
1 13 192
1 9 212
2 4 204 7 154
1 4 156
2 17 137 18 547
2 8 228 17 161
0
1 6 147
0
2 17 167 20 411
0
1 13 364
3 2 248 10 289 3 223
0
1 12 257
0
1 10 216
1 14 208
1 11 320
0
0
1 10 312
0
1 11 301
2 5 270 19 222
3 16 505 7 168 1 512
0
0
0
0
0
2 5 233 19 241
0
0
1 7 315
1 16 213
0
3 17 219 6 240 13 225
1 12 303
1 13 558
2 18 307 7 323
0
0
1 3 352
2 11 605 13 631
2 17 550 1 603
2 5 276 14 296
0
2 8 647 13 680
1 9 612
0
4 17 691 20 450 13 761 16 713
1 7 344
1 18 408
1 10 425
1 20 433
0
0
0
0
2 10 271 2 306
0
0
0
0
1 18 697
0
0
0
2 17 256 13 785
2 6 339 10 359
0
0
4 4 461 20 520 6 510 15 480
0
2 9 811 13 872
0
2 19 319 13 954
1 10 341
0
4 16 531 20 617 6 543 14 606
0
0
0
6 5 293 20 705 17 683 10 663 12 639 7 630
1 1 735
1 10 873
1 9 973
0
0
0
1 13 660
0
1 14 694
3 12 699 17 723 15 529
2 7 821 17 823
0
1 3 717
0
0
0
0
0
0
0
3 20 718 18 766 16 737
0
1 11 803
0
0
0
0
0
1 20 864
1 7 536
0
0
2 15 367 5 374
0
1 10 764
2 12 765 16 771
0
0
0
1 1 750
0
0
0
0
0
0
1 13 939
0
0
1 20 965
0
0
2 13 578 18 837
0
0
0
0
0
0
0
0
2 7 597 13 678
0
0
5 3 752 11 833 1 845 20 819 10 792
0
1 17 758
0
0
1 14 687
0
0
0
1 13 439
5 5 767 16 851 3 772 11 822 7 804
0
0
2 17 781 12 788
0
0
0
0
0
0
0
1 1 807
0
0
1 17 935
0
2 18 387 16 913
0
0
0
0
0
1 15 390
0
0
1 18 902
0
0
0
0
0
0
0
0
0
0
0
0
0
0
0
1 1 466
4 15 849 11 865 7 853 3 850
0
0
0
1 16 866
0
0
0
0
0
0
0
0
0
1 11 869
0
0
0
0
0
0
0
2 16 769 14 786
0
0
0
0
0
0
0
0
0
0
0
0
0
0
0
1 18 530
0
0
0
1 1 607
0
0
0
2 18 854 7 909
0
0
1 3 914
0
0
0
0
0
0
0
0
0
1 15 904
2 18 926 3 982
0
0
0
0
2 16 900 11 947
0
0
0
0
0
0
0
1 12 621
0
2 1 963 7 998
0
0
2 5 815 14 842
0
0
0
0
0
0
0
0
0
0
1 17 867
0
0
0
1 5 990
0
0
0
0
0
0
0
0
0
0
0
0
0
0
1 16 985
0
1 15 924
0
0
0
0
0
0
0
0
0
0
0
0
0
0
0
0
0
0
0
0
0
0
0
0
0
0
0
0
0
0
0
0
0
0
0
1 17 972
0
0
0
0
0
0
0
0
0
0
2 15 986 17 989
0
0
0
0
0
0
0
0
0
0
0
0
0
0
0
0
0
0
0
0
0
0
0
